eye -4 4 -4
viewdir 4 -4 4
updir 0 1 0
fovv 45
imsize 400 400
bkgcolor 0.2 0.2 0.2
light 1 -1 2 0 1 1 1

mtlcolor 0 0.5 0.5 1 1 1 0.2 0.4 0.4 20 1 1
sphere 0 0 0 0.75

v -1 -1 1
v 1 -1 1
v 1 1 1
v -1 1 1
v -1 -1 -1
v -1 1 -1
v 1 -1 -1
v 1 1 -1

mtlcolor 0 0.5 0 1 1 1 0.05 0.05 0.9 28 .1 1.5

f 1 2 3
f 1 3 4

f 5 1 4
f 5 4 6

f 7 5 6
f 7 6 8

f 2 7 8
f 2 8 3

f 4 3 8
f 4 8 6

f 5 7 2
f 5 2 1


mtlcolor .75 .75 .75 0 0 0 .2 .8 0 1 1 1

v -10 -1.01 10
v 10 -1.01 10
v 10 -1.01 -10
v -10 -1.01 -10

f 9 10 11
f 9 11 12